3e9b07d18a24ab8f9b973fc87024c5fa	AmphiBac_4011	96.7	120	4	0	1	120	1	575	-1	0
7b6ea0c680b25aa21d4629e8a7bcf3e1	AmphiBac_6953	100.0	120	0	0	1	120	1	1405	-1	0
a54095a893fd5abc045d162bbe20644a	AmphiBac_5506	99.2	120	1	0	1	120	1	1371	-1	0
149bd003afc4f4dcb1ce23429c8918fb	AmphiBac_729	100.0	120	0	0	1	120	1	1201	-1	0
08b3d5a40451e161731ff1ea8868f21f	AmphiBac_5506	100.0	120	0	0	1	120	1	1371	-1	0
d05179df30e3fd67aa7731ed64f89576	AmphiBac_2971	95.8	120	5	0	1	120	1	1391	-1	0
f2aefb643208b88ff9af43b4b6862e0a	AmphiBac_4022	95.8	120	5	0	1	120	1	574	-1	0
2d67c6fafb8d193716759edfcb0dde30	AmphiBac_1778	98.3	120	2	0	1	120	1	1313	-1	0
762969ba3e9e5dd187ad831199798d8c	AmphiBac_1472	99.2	120	1	0	1	120	1	1347	-1	0
5423ef803850a519dd3a59044d047810	AmphiBac_2968	99.2	120	1	0	1	120	1	1392	-1	0
f72f28e83cc983d9747538969084cded	AmphiBac_1574	96.7	120	4	0	1	120	1	1352	-1	0
f660b3cca1f9a42157685da29a508353	AmphiBac_1403	97.5	120	3	0	1	120	1	861	-1	0
af69071aa9231b7be650d79bfa807549	AmphiBac_1574	97.5	120	3	0	1	120	1	1352	-1	0
76a11fe7129e5ba00a096080c1ffdaac	AmphiBac_6080	95.0	120	6	0	1	120	1	587	-1	0
0834f1774085734fd02d3c6332d22435	AmphiBac_6530	96.7	120	4	0	1	120	1	1396	-1	0
f78c2a4fb584f61fc0fbd75c2cc22a99	AmphiBac_907	100.0	120	0	0	1	120	1	1404	-1	0
44a889feef907ffb122804a6177a02a0	AmphiBac_2971	95.0	120	6	0	1	120	1	1391	-1	0
65ad974d9aceecd94c35221f779eb1d2	AmphiBac_1574	96.7	120	4	0	1	120	1	1352	-1	0
14c577511e464d340fce247438b84bd3	AmphiBac_2971	98.3	120	2	0	1	120	1	1391	-1	0
8415b3e4340fc5ce4dd9e402064dcbc8	AmphiBac_1472	97.5	120	3	0	1	120	1	1347	-1	0
096a61ae8e4f21079c5599a883172ebd	AmphiBac_6961	99.2	120	1	0	1	120	1	1377	-1	0
6634935c96620932b4da48c7263f574b	AmphiBac_449	97.5	120	3	0	1	120	1	1378	-1	0
68c05655a58355526692d3a1f0968aff	AmphiBac_927	96.7	120	4	0	1	120	1	1391	-1	0
82e72255267397b777a1afd44ea22755	AmphiBac_6961	100.0	120	0	0	1	120	1	1377	-1	0
56c7ac9bb96b49f704e867db661137cb	AmphiBac_6745	96.7	120	4	0	1	120	1	846	-1	0
94f0270bf61e49c97e7fb34688750dce	AmphiBac_7085	99.2	120	1	0	1	120	1	1359	-1	0
2835a5008083ae7290acbca001520ad1	AmphiBac_3192	95.8	120	5	0	1	120	1	1352	-1	0
24aed77255e739ecb08358cdfb5459a1	AmphiBac_449	95.0	120	6	0	1	120	1	1378	-1	0
290cc464d3b907686a315eff0f4f0d80	AmphiBac_2971	95.8	120	5	0	1	120	1	1391	-1	0
3fde646d5b5870e0c36c302be426634d	AmphiBac_186	100.0	120	0	0	1	120	1	710	-1	0
766e31312d40b8b074ff9deda360458e	AmphiBac_1356	95.0	120	6	0	1	120	1	1352	-1	0
57dbb0178d96d34393dabe32757f6291	AmphiBac_5506	96.7	120	4	0	1	120	1	1371	-1	0
15c6a3bd6fd6e86b5cd515c1f36fb538	AmphiBac_1496	95.8	120	5	0	1	120	1	1398	-1	0
a4bc601475dc248c9c61b49f2ab82647	AmphiBac_1472	97.5	120	3	0	1	120	1	1347	-1	0
e1df323cead789c2a953a78aa7e99336	AmphiBac_5506	95.0	120	6	0	1	120	1	1371	-1	0
cec627a71a131a96d6b362d6beb78b16	AmphiBac_1472	97.5	120	3	0	1	120	1	1347	-1	0
b4a0cace4ec9e8078d648d4e11df7379	AmphiBac_6073	95.8	120	5	0	1	120	1	574	-1	0
ba99f57a96b2c71687cb5f41a412a072	AmphiBac_1472	98.3	120	2	0	1	120	1	1347	-1	0
b1e4229e8feef110278ac6b0332e78aa	AmphiBac_1356	95.0	120	6	0	1	120	1	1352	-1	0
15aa5630358c9152c2d3ff3dd0048c1b	AmphiBac_3073	97.7	87	0	2	1	120	1	891	-1	0
17ce4fad9d8d4dee74889ea70598e347	AmphiBac_917	98.3	120	2	0	1	120	1	848	-1	0
541c7794bb473b639173f707e4f7bceb	AmphiBac_6557	95.0	120	6	0	1	120	1	1389	-1	0
9adc956c1a2e439372617227137323f8	AmphiBac_1403	95.0	120	6	0	1	120	1	861	-1	0
909755d7142ea53c7f61c97c3586f26c	AmphiBac_1780	100.0	120	0	0	1	120	1	1292	-1	0
4e2f82953b7435c5cca0fa88d7d35d31	AmphiBac_449	95.0	120	6	0	1	120	1	1378	-1	0
7f34feaab8a59b61cc1abbf52b39cc40	AmphiBac_917	98.3	120	2	0	1	120	1	848	-1	0
8287755612e53b78da1760414a495799	AmphiBac_642	100.0	120	0	0	1	120	1	1267	-1	0
26c17471b273f6beb2442c419cdbbb63	AmphiBac_6745	97.5	120	3	0	1	120	1	846	-1	0
65165e499da7f983b771d744ded14dcf	AmphiBac_4011	97.5	120	3	0	1	120	1	575	-1	0
0717aa5365cb39d61ca29a61b01bc59f	AmphiBac_6745	98.3	120	2	0	1	120	1	846	-1	0
3a1c2d5547ddb7f76306a042f8bef6a4	AmphiBac_892	98.3	120	2	0	1	120	1	1402	-1	0
c3d9608c9ea001108c947c63206a8bd0	AmphiBac_6557	99.2	120	1	0	1	120	1	1389	-1	0
8db96ed7ba6b058a4c356a19ff939bf1	AmphiBac_4042	98.3	120	2	0	1	120	1	587	-1	0
7d7000029b49296874f281fe7dda4abd	AmphiBac_5506	95.0	120	6	0	1	120	1	1371	-1	0
ccd043d34cee4400e781b9bce6d4c1ea	AmphiBac_6571	100.0	120	0	0	1	120	1	1169	-1	0
8161cec3e40bafe43a3d8c7d3ecbac07	AmphiBac_1433	95.0	120	6	0	1	120	1	1399	-1	0
44818913f42f24fb25f365607b151ce1	AmphiBac_5509	97.5	120	3	0	1	120	1	1218	-1	0
3253177a44672689e4e154e842d63e35	AmphiBac_1334	100.0	120	0	0	1	120	1	1267	-1	0
7a65a3e1f8853c30d9be0b664420f83f	AmphiBac_6083	96.7	120	4	0	1	120	1	582	-1	0
5f189af5e05feaaa57b30d7a21f887fc	AmphiBac_3064	95.0	120	6	0	1	120	1	1394	-1	0
e8b0a52392e0309885d2c4468030074c	AmphiBac_5506	97.5	120	3	0	1	120	1	1371	-1	0
4fe49fe5c1015cb0a948e5b8a085d860	AmphiBac_4015	100.0	120	0	0	1	120	1	574	-1	0
94ca1389331a3a9230237844cfd545f6	AmphiBac_6714	100.0	120	0	0	1	120	1	919	-1	0
b88bff5239924a484c5248eb62b291ea	AmphiBac_7085	96.7	120	4	0	1	120	1	1359	-1	0
e467f28eeffd574c8c16a389e089a295	AmphiBac_1574	95.8	120	5	0	1	120	1	1352	-1	0
dc3e56436e3de26b261d60138d390ccf	AmphiBac_638	98.3	120	2	0	1	120	1	1365	-1	0
30765f640df27d20f4fddf1bf9b6eb37	AmphiBac_1472	98.3	120	2	0	1	120	1	1347	-1	0
5177bcbff37c0d68a9c3767d3b7484cd	AmphiBac_3073	95.4	87	2	2	1	120	1	891	-1	0
ecbf086d6ccbe5e8c2a69d0afb144662	AmphiBac_921	100.0	120	0	0	1	120	1	1296	-1	0
fea8bdad574e4aa7a28274438ae570bd	AmphiBac_1426	100.0	120	0	0	1	120	1	1372	-1	0
5747992ec8974831558f048e9924dad4	AmphiBac_782	100.0	120	0	0	1	120	1	863	-1	0
3f157dc6113e037ad1f06cabb79ae120	AmphiBac_35	100.0	120	0	0	1	120	1	1337	-1	0
8b111e12f8f73205bac732c7479a97e8	AmphiBac_6730	100.0	120	0	0	1	120	1	862	-1	0
7a3e7ab58c144200ae97274fd5849701	AmphiBac_1574	95.0	120	6	0	1	120	1	1352	-1	0
c10b0202f77eb7329e63c7e927d160ae	AmphiBac_1433	97.5	120	3	0	1	120	1	1399	-1	0
979b542036f976daa94ad4503bb196ae	AmphiBac_1433	97.5	120	3	0	1	120	1	1399	-1	0
d7ba3489a833a068745fd61c724e47f9	AmphiBac_6827	100.0	120	0	0	1	120	1	859	-1	0
3ce8ad67481d805fe869269a01ebb1e1	AmphiBac_7085	95.0	120	6	0	1	120	1	1359	-1	0
6d8b77e5b0c8487bb83c2152850b523b	AmphiBac_3043	96.7	120	4	0	1	120	1	1386	-1	0
756f6b9f5838490ad31120db8b658504	AmphiBac_642	95.0	120	6	0	1	120	1	1267	-1	0
9a2d175437170646d3b39ade4276b88c	AmphiBac_3192	95.8	120	5	0	1	120	1	1352	-1	0
8c0dea071901b43a946fbe6ce941fee9	AmphiBac_508	95.0	120	6	0	1	120	1	1387	-1	0
35ae354c653ddf89967d7c7dce46acf8	AmphiBac_2960	97.5	120	3	0	1	120	1	1349	-1	0
40cebed2a2a6465700df2d1713a40126	AmphiBac_6736	100.0	120	0	0	1	120	1	841	-1	0
72559f1b79a7241a382d3f075b806bd0	AmphiBac_1472	95.0	120	6	0	1	120	1	1347	-1	0
60bf9c11125af3a29196e28119d25790	AmphiBac_6010	95.0	120	6	0	1	120	1	597	-1	0
21bc9a5af6203656e6d1066a13121fb0	AmphiBac_7085	95.0	120	6	0	1	120	1	1359	-1	0
01b99cb344ed2530f7d80897ffe257a9	AmphiBac_4022	98.3	120	2	0	1	120	1	574	-1	0
b267a079b1a95f430cd9f7978f58bca6	AmphiBac_1574	96.7	120	4	0	1	120	1	1352	-1	0
852f963bfc264324f4772cc4a3dd6bb5	AmphiBac_7085	95.0	120	6	0	1	120	1	1359	-1	0
8992381f7d3d5af45d162e2f4b38d01b	AmphiBac_5538	100.0	120	0	0	1	120	1	1231	-1	0
4f5fea81ede431a1cac72e3583f8dbfd	AmphiBac_2821	100.0	120	0	0	1	120	1	1393	-1	0
73cb6799cdc94fe02df05701acb3febe	AmphiBac_5988	98.3	120	2	0	1	120	1	587	-1	0
8f47c52f52448b1ce5eef1903457ebda	AmphiBac_5584	100.0	120	0	0	1	120	1	1353	-1	0
d2fbaed8a90a3b5c9d14123df314393e	AmphiBac_1574	97.5	120	3	0	1	120	1	1352	-1	0
740457c4438b205cf26555d660d1f9e3	AmphiBac_2948	98.3	120	2	0	1	120	1	1405	-1	0
cb075fbee2d75239da66911c0a9d61a9	AmphiBac_917	97.5	120	3	0	1	120	1	848	-1	0
955d8fcbb35e8bc04c8df0c6aae34d34	AmphiBac_6947	100.0	120	0	0	1	120	1	1350	-1	0
72e63aa6f74be8cdd4860254a5fc9747	AmphiBac_4022	97.5	120	3	0	1	120	1	574	-1	0
450bfca4ccf79e3cb80c275f2730e6ea	AmphiBac_449	95.0	120	6	0	1	120	1	1378	-1	0
9a97c8eff29b8506b3b7d51011cfaa92	AmphiBac_3243	95.0	120	6	0	1	120	1	1391	-1	0
edfbe6a8bc32b7e9fa9fc9f59b0b1965	AmphiBac_6714	95.0	120	6	0	1	120	1	919	-1	0
f9661b31af9bae475453b8806d0d3c7d	AmphiBac_5546	100.0	120	0	0	1	120	1	1253	-1	0
78da3b6d6c6b192135ae1aeb5a683eef	AmphiBac_7085	95.0	120	6	0	1	120	1	1359	-1	0
0f2a155a57fe6d0bf34767080706b3e1	AmphiBac_6777	100.0	120	0	0	1	120	1	579	-1	0
aeee44417652ea8a22d3c629e78ea3fd	AmphiBac_1771	96.7	120	4	0	1	120	1	1250	-1	0
2f075bc620ddba1f02e7de8a732bfa2d	AmphiBac_2842	96.7	120	4	0	1	120	1	1391	-1	0
b897258d4bdf36c29568ce73a5bae1af	AmphiBac_6055	95.8	120	5	0	1	120	1	583	-1	0
ddabebce14259b11d2fcdd6853592e5f	AmphiBac_1403	100.0	120	0	0	1	120	1	861	-1	0
0f672eb59856aa7cef2a6c8d8cc35604	AmphiBac_1472	99.2	120	1	0	1	120	1	1347	-1	0
1b448e00c078f81e49a61933072345d2	AmphiBac_4007	100.0	120	0	0	1	120	1	574	-1	0
bf155aa205fb8ec2b4a6d1edafbbfd1c	AmphiBac_480	100.0	120	0	0	1	120	1	1205	-1	0
e6dfd15b38618c3c7ff0a025083f56d4	AmphiBac_6960	98.3	120	2	0	1	120	1	1376	-1	0
3a4b69851bc768fd4b6d36aec90f79be	AmphiBac_4022	96.7	120	4	0	1	120	1	574	-1	0
26f3cf6befdd90d2a7f67660aad2c282	AmphiBac_6947	95.8	120	5	0	1	120	1	1350	-1	0
e0f1938338e6f9b8cf8408e672ee6cd1	AmphiBac_1472	100.0	120	0	0	1	120	1	1347	-1	0
c397ca2a728405a853dbbc1f2f311194	AmphiBac_4020	98.3	120	2	0	1	120	1	597	-1	0
50f52a777ab3f27772b4cf0a95234de2	AmphiBac_3064	98.3	120	2	0	1	120	1	1394	-1	0
048a04baf604fd5c84cc1508dd784f2a	AmphiBac_6557	95.8	120	5	0	1	120	1	1389	-1	0
b8f0c34fa9dd273b79f9f325e3699b42	AmphiBac_7085	97.5	120	3	0	1	120	1	1359	-1	0
2ca928ad9749bb9726c35d6528fefec1	AmphiBac_2960	100.0	120	0	0	1	120	1	1349	-1	0
f306a3c555687b1dc2c61372504fbbea	AmphiBac_927	96.7	120	4	0	1	120	1	1391	-1	0
5b57784f4200c571f743fc0ae9b2a8f4	AmphiBac_165	100.0	120	0	0	1	120	1	666	-1	0
570407deac28765ea7cd958f0e6017b3	AmphiBac_3192	96.7	120	4	0	1	120	1	1352	-1	0
9c7c840d5fb8507be3331da7d9dcb324	AmphiBac_1403	98.3	120	2	0	1	120	1	861	-1	0
afcda4562e9255f0fcff74974d83c929	AmphiBac_6786	96.7	120	4	0	1	120	1	625	-1	0
34f1e99086319f6654689070523719ac	AmphiBac_4044	99.2	120	1	0	1	120	1	587	-1	0
8d50caad5932755c27ba7e3e41ff3cb0	AmphiBac_1369	95.0	120	6	0	1	120	1	1405	-1	0
4715ca5231af58b3a42cec36c0085e96	AmphiBac_1440	100.0	120	0	0	1	120	1	1404	-1	0
f7efb4175ea817a9181e5631812c026c	AmphiBac_7085	97.5	120	3	0	1	120	1	1359	-1	0
21f60b5a31f4c314b6f5ee724dd72b9c	AmphiBac_6809	95.0	120	6	0	1	120	1	960	-1	0
a3e6326d500535c47f825c3c95b39f03	AmphiBac_5988	99.2	120	1	0	1	120	1	587	-1	0
a8814735ecd6c0269b04907a2e23318a	AmphiBac_6010	95.8	120	5	0	1	120	1	597	-1	0
e0e9c779b6d13e603537c7a60f19eb36	AmphiBac_5988	95.0	120	6	0	1	120	1	587	-1	0
147f2c2c24c7e1b1c371d42a36816214	AmphiBac_3192	95.8	120	5	0	1	120	1	1352	-1	0
87b9f269ceeeb26c50204d4cbd7fb7fc	AmphiBac_1623	97.5	120	3	0	1	120	1	1381	-1	0
2cec2792e54f61e12e1a0b2507826118	AmphiBac_892	100.0	120	0	0	1	120	1	1402	-1	0
b27f66147ae383d70d5ce1d07d74cc63	AmphiBac_1455	97.5	120	3	0	1	120	1	1396	-1	0
668af40ce4ff85b96ff9f10435590f70	AmphiBac_7079	96.7	120	4	0	1	120	1	1378	-1	0
1b423af0485e400485a2ff2adf20fd7e	AmphiBac_1324	95.0	120	6	0	1	120	1	1361	-1	0
c3f9fc67c14850d1be0b4c0d88826927	AmphiBac_1472	98.3	120	2	0	1	120	1	1347	-1	0
27b17ef6b6cc1dbfd568bb125376dbf8	AmphiBac_6947	99.2	120	1	0	1	120	1	1350	-1	0
1faf4c82678ef7d453a978caaeeace3e	AmphiBac_1496	95.8	120	5	0	1	120	1	1398	-1	0
4824fe87ef1413e49af31eb4e00ddbd1	AmphiBac_1432	100.0	120	0	0	1	120	1	1390	-1	0
30d92b290d5c2ef193a83be6ff9772c6	AmphiBac_6745	95.8	120	5	0	1	120	1	846	-1	0
85a751e58d938cf256c9e6b79107fba5	AmphiBac_6745	95.8	120	5	0	1	120	1	846	-1	0
a2ae72ba6412857b42e098927c72d2ca	AmphiBac_1472	96.7	120	4	0	1	120	1	1347	-1	0
185df2b73b4805164470dfaea2d05223	AmphiBac_500	100.0	120	0	0	1	120	1	1234	-1	0
23e1b4f4c8cabc5f4532b11fad808512	AmphiBac_6961	97.5	120	3	0	1	120	1	1377	-1	0
9079bfebcce01d4b5c758067b1208c31	AmphiBac_176	100.0	120	0	0	1	120	1	617	-1	0
625d7543cd4305ccf0a8869e92ed97ff	AmphiBac_6947	98.3	120	2	0	1	120	1	1350	-1	0
c4aad64f84f51ff331b986a67af4ed3d	AmphiBac_1780	98.3	120	2	0	1	120	1	1292	-1	0
01297f1cd3a3a042d5334c27f9d0e2a8	AmphiBac_2971	95.0	120	6	0	1	120	1	1391	-1	0
5024fc2a5d2995548834a5fb7b84d696	AmphiBac_733	95.8	120	5	0	1	120	1	1248	-1	0
11052d9d27829dab3bbac6cc31983199	AmphiBac_733	96.7	120	4	0	1	120	1	1248	-1	0
a887ec2090ed746cdb5a5ae42a186a98	AmphiBac_6786	100.0	120	0	0	1	120	1	625	-1	0
c76501051c373b73649e3d062be80b19	AmphiBac_1472	96.7	120	4	0	1	120	1	1347	-1	0
d1c7ee5172f16dda522e46aaa4e5fa79	AmphiBac_1478	100.0	120	0	0	1	120	1	1388	-1	0
18758a3adeea671c38b5a19d25df3352	AmphiBac_5509	97.5	120	3	0	1	120	1	1218	-1	0
be6c2703e8a24e8d4e2a24fc7ee0aecd	AmphiBac_918	100.0	120	0	0	1	120	1	1371	-1	0
88986f35be12511491d500235ad92988	AmphiBac_4020	95.0	120	6	0	1	120	1	597	-1	0
a7da9e1449ac549608fcd84328ee13cb	AmphiBac_5509	98.3	120	2	0	1	120	1	1218	-1	0
a32eb10b24f72b20eb8f1945a950df6c	AmphiBac_1574	96.7	120	4	0	1	120	1	1352	-1	0
6110b24da81a9541749558d5f1c09be9	AmphiBac_2968	96.7	120	4	0	1	120	1	1392	-1	0
899da634ddf44bbbaf1301e903df7414	AmphiBac_7085	95.8	120	5	0	1	120	1	1359	-1	0
c2cfff6c3da102a4efdc1a4b22a1559a	AmphiBac_5506	99.2	120	1	0	1	120	1	1371	-1	0
31f66a3d2396143eaa46afee7df592b7	AmphiBac_6741	95.0	120	6	0	1	120	1	802	-1	0
c86e45c6c541ba6563a72aa2447cec9c	AmphiBac_1574	95.0	120	6	0	1	120	1	1352	-1	0
d4ec57f20a73b04d5222053fd28f88b1	AmphiBac_1576	100.0	120	0	0	1	120	1	1356	-1	0
7ede22fb254914ec137fae9f8f48e22b	AmphiBac_5506	97.5	120	3	0	1	120	1	1371	-1	0
450c8b833134dc2ce38fafa67514c47d	AmphiBac_2971	95.0	120	6	0	1	120	1	1391	-1	0
789eac6ba9cced89840bdf876f47ec33	AmphiBac_1496	100.0	120	0	0	1	120	1	1398	-1	0
0586048bcfa9ea079451ba7f55578b42	AmphiBac_2937	95.0	120	6	0	1	120	1	1411	-1	0
e2f608e18d87e60092000ed4e323066e	AmphiBac_7085	98.3	120	2	0	1	120	1	1359	-1	0
d7a504f5f1dc9fbdd77581570e3fd5cb	AmphiBac_6055	96.7	120	4	0	1	120	1	583	-1	0
bc419c2eaa0516933fd388fbec209c98	AmphiBac_1455	100.0	120	0	0	1	120	1	1396	-1	0
dde385c79cff7f98d90f76b228de20fb	AmphiBac_1472	95.0	120	6	0	1	120	1	1347	-1	0
db84ee33f1be90a40c6bac5c0f733f9a	AmphiBac_6938	95.0	120	6	0	1	120	1	1384	-1	0
00e8dfc7e963986b272360f437022b5e	AmphiBac_1326	95.4	87	4	0	1	120	1	560	-1	0
b3116a378f4aa6f4c875578914a844ba	AmphiBac_1574	95.0	120	6	0	1	120	1	1352	-1	0
bc81aeed283ee0de00c62ecc63bfc221	AmphiBac_3192	96.7	120	4	0	1	120	1	1352	-1	0
f09e1a831cdb0d02f7afaef7d98b6fb6	AmphiBac_6080	98.3	120	2	0	1	120	1	587	-1	0
4d3a11e940588e87916c3aa725d29303	AmphiBac_6815	99.2	120	1	0	1	120	1	558	-1	0
c708fb478d12c6acc6658e5055d0a10d	AmphiBac_2971	95.0	120	6	0	1	120	1	1391	-1	0
1d6a8247993532e2ed403798e619bc92	AmphiBac_7085	98.3	120	2	0	1	120	1	1359	-1	0
34d0e4410278fca5bbc2eac3de76feac	AmphiBac_3079	95.3	86	3	1	1	120	1	899	-1	0
ddb816d08853c61ba2d07fcaa6891188	AmphiBac_6953	95.8	120	5	0	1	120	1	1405	-1	0
b555607f03c97f78f35442fc65675c7a	AmphiBac_5509	98.3	120	2	0	1	120	1	1218	-1	0
bfe1437fbc6c841bbfb9b9e2d36c7a45	AmphiBac_4022	97.5	120	3	0	1	120	1	574	-1	0
38b216806396c7e06281978c18ce64c7	AmphiBac_3192	97.5	120	3	0	1	120	1	1352	-1	0
4702bcec88c67c7b84f01cc6759b8081	AmphiBac_6953	95.0	120	6	0	1	120	1	1405	-1	0
c25f5369ed4e90d9238857266214bf73	AmphiBac_927	95.8	120	5	0	1	120	1	1391	-1	0
2e622bff213551ba1960b285d24e8b34	AmphiBac_1426	97.5	120	3	0	1	120	1	1372	-1	0
e0ad5e9b49e81c5c2af5182ee1228d6a	AmphiBac_590	98.3	120	2	0	1	120	1	1265	-1	0
fadd6b74d7cc847716a19679be001724	AmphiBac_1472	99.2	120	1	0	1	120	1	1347	-1	0
b58bead66d971c35ff62b325ce343f1a	AmphiBac_2821	99.2	120	1	0	1	120	1	1393	-1	0
63fdc917fe545c384d69a3f473027603	AmphiBac_6741	98.3	120	2	0	1	120	1	802	-1	0
9e9194a74adf0a498de94acae778797b	AmphiBac_2971	100.0	120	0	0	1	120	1	1391	-1	0
d83b66aa07d936f449a92541d1bf336a	AmphiBac_1576	98.3	120	2	0	1	120	1	1356	-1	0
c1dedbc2ee20ed310022b9a1976d56c4	AmphiBac_6557	100.0	120	0	0	1	120	1	1389	-1	0
9e547cfda3a98b4cd5b43818fdd95183	AmphiBac_6953	99.2	120	1	0	1	120	1	1405	-1	0
731d13016c942253e8b43368853c515a	AmphiBac_1455	98.3	120	2	0	1	120	1	1396	-1	0
19edf086b4f19476362f36faabc85d24	AmphiBac_1403	95.0	120	6	0	1	120	1	861	-1	0
1b963d0d7457ac133aed9497f03b5a64	AmphiBac_7085	100.0	120	0	0	1	120	1	1359	-1	0
254bcda1535e88d24d9571740cbc028b	AmphiBac_1472	95.0	120	6	0	1	120	1	1347	-1	0
0b04fa38eb4734dcac0cbcb1718edd19	AmphiBac_1356	95.0	120	6	0	1	120	1	1352	-1	0
630afd8b62db24d65410329610383a4f	AmphiBac_4044	96.7	120	4	0	1	120	1	587	-1	0
91182c7e1812dcfc473715808cc7d5a0	AmphiBac_7085	99.2	120	1	0	1	120	1	1359	-1	0
0310f41e594c49368dde5c5993a7a5d0	AmphiBac_4038	100.0	120	0	0	1	120	1	614	-1	0
6fa0d029183552b6e056ab33f7cd6074	AmphiBac_1324	96.7	120	4	0	1	120	1	1361	-1	0
0d2b3d7960ab890cd0c457e778a4e79b	AmphiBac_6947	96.7	120	4	0	1	120	1	1350	-1	0
10dfbf7c90552b39b8c8894f133deb67	AmphiBac_3192	95.8	120	5	0	1	120	1	1352	-1	0
ed9f87af2a226630fa5a3e4d59a4e256	AmphiBac_1574	95.8	120	5	0	1	120	1	1352	-1	0
8c0b9d683885414afa83a2fd3107ecba	AmphiBac_1426	95.0	120	6	0	1	120	1	1372	-1	0
66bba55a43e01d9f807137c1bfc100c4	AmphiBac_3243	100.0	120	0	0	1	120	1	1391	-1	0
3f121bc0e1cf21278f6c4a7ca88a1477	AmphiBac_6010	95.8	120	5	0	1	120	1	597	-1	0
a9831fc75811c42f4d9c255f2028f116	AmphiBac_897	100.0	120	0	0	1	120	1	1399	-1	0
d0aaa1c541175c147584e3b9560086fe	AmphiBac_1472	95.0	120	6	0	1	120	1	1347	-1	0
86f30e54dc2390be3c8d21bfaf405df9	AmphiBac_6940	95.8	120	5	0	1	120	1	1352	-1	0
13fb9ebbf0e9bbf6a1ae65dc20a76ba2	AmphiBac_7085	95.0	120	6	0	1	120	1	1359	-1	0
91fd1191505a1aeeedab14adfd1c778e	AmphiBac_590	100.0	120	0	0	1	120	1	1265	-1	0
b2a55a67b1b01527188e04a2f46cbc97	AmphiBac_5506	99.2	120	1	0	1	120	1	1371	-1	0
76d2032108822bcfaa90a4873f7a51aa	AmphiBac_1843	100.0	120	0	0	1	120	1	1285	-1	0
0be28338c53740d0a9d3197d82d193bc	AmphiBac_6960	98.3	120	2	0	1	120	1	1376	-1	0
69e6882fe6124e1ce30998c78d096414	AmphiBac_6741	97.5	120	3	0	1	120	1	802	-1	0
ce0c2603d676b7be08562a52440d2746	AmphiBac_5509	100.0	120	0	0	1	120	1	1218	-1	0
14d168c89e381de6fc3091837a557e48	AmphiBac_3134	100.0	120	0	0	1	120	1	1341	-1	0
4e3acf7a1c4dddbc3f68097207cacb66	AmphiBac_1472	97.5	120	3	0	1	120	1	1347	-1	0
0b925631436d3775231b60f9d0011cae	AmphiBac_7046	100.0	120	0	0	1	120	1	1352	-1	0
89b7d4a33099aa124189608ebabb0bfd	AmphiBac_1485	99.2	120	1	0	1	120	1	1370	-1	0
7f4909ae8d31a3995fa2c200c690a21f	AmphiBac_6010	100.0	120	0	0	1	120	1	597	-1	0
acc6738af621e30d7cab436b449e17d6	AmphiBac_6940	96.7	120	4	0	1	120	1	1352	-1	0
6cceba74deaf6ecc10616689944aec53	AmphiBac_4022	99.2	120	1	0	1	120	1	574	-1	0
da93141fd0c134af55658659e57163e7	AmphiBac_2963	95.0	120	6	0	1	120	1	1384	-1	0
95a7e1e30484bea1e1f496f45cd62c70	AmphiBac_449	97.5	120	3	0	1	120	1	1378	-1	0
cb2fe0146e2fbcb101050edb996a0ee2	AmphiBac_4039	98.3	120	2	0	1	120	1	582	-1	0
61f168a4560a84fe1955ba40c263bbbc	AmphiBac_1472	97.5	120	3	0	1	120	1	1347	-1	0
56c98126dde3abb2d263088db55e12c8	AmphiBac_6940	99.2	120	1	0	1	120	1	1352	-1	0
871765f352c85848a45d53fafabaa643	AmphiBac_1433	99.2	120	1	0	1	120	1	1399	-1	0
d62f898d9a71f320a2543fade2c21ca0	AmphiBac_6947	95.8	120	5	0	1	120	1	1350	-1	0
aa7d58a7255592b3554d4fde0f297d86	AmphiBac_7085	95.8	120	5	0	1	120	1	1359	-1	0
c62f25fdbaee572d968f023a38531c1e	AmphiBac_449	100.0	120	0	0	1	120	1	1378	-1	0
a7b43ddb9614ab4ce17d5c30cd3a4528	AmphiBac_7085	95.0	120	6	0	1	120	1	1359	-1	0
626b8ee112be0ec208bb16445611d001	AmphiBac_6940	100.0	120	0	0	1	120	1	1352	-1	0
c636c40756f6845d87ae5ed3805fb0e1	AmphiBac_1433	95.8	120	5	0	1	120	1	1399	-1	0
38b8c8550489d7bd6f1ee86984d6aea9	AmphiBac_739	100.0	120	0	0	1	120	1	1339	-1	0
dd4e22c20030bf675382bc2fd05f16f0	AmphiBac_5432	100.0	120	0	0	1	120	1	1269	-1	0
f83bd8cc6fb090120ecb8222914136e0	AmphiBac_4020	95.8	120	5	0	1	120	1	597	-1	0
f3ed29d9b4cd4e1ea7861fbe19314125	AmphiBac_4022	97.5	120	3	0	1	120	1	574	-1	0
c912b6e2ca6e363ac3c90414948388b2	AmphiBac_6741	100.0	120	0	0	1	120	1	802	-1	0
ca2f9d03673242b72fe5570b5a31af1f	AmphiBac_1576	97.5	120	3	0	1	120	1	1356	-1	0
b583cee3d8f7f9a9f99b1c4cc36c37c2	AmphiBac_907	99.2	120	1	0	1	120	1	1404	-1	0
6f384c926424d43c215fbe9337d55324	AmphiBac_7085	96.7	120	4	0	1	120	1	1359	-1	0
739bae25753a3de4c913153858a1ddfa	AmphiBac_1472	95.8	120	5	0	1	120	1	1347	-1	0
13692c41b4bf5d577c28c278caafcddb	AmphiBac_6815	100.0	120	0	0	1	120	1	558	-1	0
8c1b6f757c3e1622bb0392d79575c103	AmphiBac_1809	95.0	120	6	0	1	120	1	1241	-1	0
fa55459c9bb78420c454b31ace9ec803	AmphiBac_907	95.8	120	5	0	1	120	1	1404	-1	0
e14875eb4f6ef28a62c0fc6f3974dbba	AmphiBac_2971	98.3	120	2	0	1	120	1	1391	-1	0
71cb26608fe1b7a55bb591203f18624a	AmphiBac_6557	99.2	120	1	0	1	120	1	1389	-1	0
c3686b49fa8a2106e2b1874116223fdf	AmphiBac_2948	100.0	120	0	0	1	120	1	1405	-1	0
4aa1d2713842157014ff66104eec4520	AmphiBac_1472	95.0	120	6	0	1	120	1	1347	-1	0
d7a1d73008080062a024f483d8557502	AmphiBac_6714	98.3	120	2	0	1	120	1	919	-1	0
aace738d2d88b320e63e88728131491a	AmphiBac_7085	96.7	120	4	0	1	120	1	1359	-1	0
6013a4618dd16c1f100b084d722a817d	AmphiBac_6965	100.0	120	0	0	1	120	1	1391	-1	0
0cd4dcb7c9fe4438be5b6ab7a0254d6e	AmphiBac_6798	100.0	120	0	0	1	120	1	751	-1	0
a1e3beafb482253ceb30803e51321851	AmphiBac_7085	95.0	120	6	0	1	120	1	1359	-1	0
858c3fb6cbf39de4a409565b7b1d80e1	AmphiBac_1472	97.5	120	3	0	1	120	1	1347	-1	0
3fea5f06c76400aa4b437b2bfbe785bf	AmphiBac_6083	98.3	120	2	0	1	120	1	582	-1	0
f28f7c9d84462af98a56e7947d8cbd78	AmphiBac_6809	95.0	120	6	0	1	120	1	960	-1	0
6b4d38ef368011ea0c3c1185bc34e821	AmphiBac_1472	95.0	120	6	0	1	120	1	1347	-1	0
4d255011f743e003ebf8fec26c32f97d	AmphiBac_7085	96.7	120	4	0	1	120	1	1359	-1	0
174787fd9e96a1da7a49c9bfae2f869a	AmphiBac_5506	97.5	120	3	0	1	120	1	1371	-1	0
6464852dc81f0190be9f9381791ab337	AmphiBac_7002	95.0	120	6	0	1	120	1	1380	-1	0
193fb6a7ed452189e4616f2d9f28a591	AmphiBac_1455	98.3	120	2	0	1	120	1	1396	-1	0
ce6541ac849713f080f89e92d62ae9a4	AmphiBac_6010	95.0	120	6	0	1	120	1	597	-1	0
a33a910a64cea2878d9399b17338571c	AmphiBac_1584	97.5	120	3	0	1	120	1	1363	-1	0
d71c71a649bc998cde0be2bc137fa3e7	AmphiBac_733	95.0	120	6	0	1	120	1	1248	-1	0
62f3ee31b7928abc34a5072e2582a971	AmphiBac_4044	98.3	120	2	0	1	120	1	587	-1	0
7d452c3b0607078cc0e3a227cdf33b08	AmphiBac_4020	100.0	120	0	0	1	120	1	597	-1	0
41b95115d1c6daad460f253b760a2a47	AmphiBac_7085	95.8	120	5	0	1	120	1	1359	-1	0
5d4382ebecb9ab885c7224161142f084	AmphiBac_3043	95.8	120	5	0	1	120	1	1386	-1	0
87d980b22c65ae7843e271b7561e1f23	AmphiBac_4022	99.2	120	1	0	1	120	1	574	-1	0
f6f8a7cb07f20567358856ce19c2bd2f	AmphiBac_5509	99.2	120	1	0	1	120	1	1218	-1	0
0186726921b80099034bbfc798619509	AmphiBac_1574	98.3	120	2	0	1	120	1	1352	-1	0
f75055ed8197cef73b58a5e5e4361f7c	AmphiBac_3043	96.7	120	4	0	1	120	1	1386	-1	0
fb28553d0c9979c19775480cccc7b705	AmphiBac_1472	96.7	120	4	0	1	120	1	1347	-1	0
a6d80d4cc89474835de95770faaee857	AmphiBac_7085	98.3	120	2	0	1	120	1	1359	-1	0
c205811ffbe5417d766640f40c9bcea5	AmphiBac_6975	99.2	120	1	0	1	120	1	1324	-1	0
ec9bfa452db21bebff2bd6f004542352	AmphiBac_7010	97.5	120	3	0	1	120	1	1378	-1	0
b4bc6b3e3ba37adce343623503d014ec	AmphiBac_4022	97.5	120	3	0	1	120	1	574	-1	0
70d3c917406573c9ec866ddf36448083	AmphiBac_5988	97.5	120	3	0	1	120	1	587	-1	0
8ba594efe43592cab91470673e304dd5	AmphiBac_6010	97.5	120	3	0	1	120	1	597	-1	0
e7430ad25c2b5c61a1b296d268692364	AmphiBac_1574	96.7	120	4	0	1	120	1	1352	-1	0
81080b8b4da65136cb40db25a225fb39	AmphiBac_6975	100.0	120	0	0	1	120	1	1324	-1	0
1f537877557fd6aafc4cf220ab289308	AmphiBac_7079	97.5	120	3	0	1	120	1	1378	-1	0
fcaff86a53b3caf428a2665ec8379289	AmphiBac_4011	96.7	120	4	0	1	120	1	575	-1	0
10cf287f27cf0310b9690fbd6388ca18	AmphiBac_7002	95.0	120	6	0	1	120	1	1380	-1	0
a6780d0af979a054300ad0b73eb9eb8c	AmphiBac_5506	95.8	120	5	0	1	120	1	1371	-1	0
1e79c99ee01b747ac38b8288f163386c	AmphiBac_1324	100.0	120	0	0	1	120	1	1361	-1	0
65230d7dbe4cfd62f3c362a329560cc8	AmphiBac_6940	98.3	120	2	0	1	120	1	1352	-1	0
6328d379a8c1de6a7b1bd0d32e2cc02e	AmphiBac_2842	95.8	120	5	0	1	120	1	1391	-1	0
b4317ec0ee39b1ecc7ea25a47a19113b	AmphiBac_892	97.5	120	3	0	1	120	1	1402	-1	0
0c08d25838e56ae32e28dc60d7a4a05a	AmphiBac_5509	98.3	120	2	0	1	120	1	1218	-1	0
7f23d50e9056b6f78aa5b3f7dfeac7da	AmphiBac_2960	95.8	120	5	0	1	120	1	1349	-1	0
62376dff8d720ee36f4cb9fe517148e4	AmphiBac_7010	99.2	120	1	0	1	120	1	1378	-1	0
bc3fcb2b5f5f53acd72beef5c8099a3b	AmphiBac_170	100.0	120	0	0	1	120	1	656	-1	0
1b75626f6834620dc2c729a1a81f497a	AmphiBac_447	100.0	120	0	0	1	120	1	1399	-1	0
b25647dd4f0493a4eb9102787087f8aa	AmphiBac_4020	96.7	120	4	0	1	120	1	597	-1	0
a12f6dcdbd0bb57336d73d450db41680	AmphiBac_4022	97.5	120	3	0	1	120	1	574	-1	0
49161e15ee38a9c1a19460a62567311a	AmphiBac_1403	99.2	120	1	0	1	120	1	861	-1	0
919919ab8cc8abc63e77b3f3c78bd1e9	AmphiBac_5574	100.0	120	0	0	1	120	1	1197	-1	0
5f3c6118aaaa92e312c314e48bb38e91	AmphiBac_1356	95.0	120	6	0	1	120	1	1352	-1	0
7116b939f022de5c5cab2f5b03bcb1f5	AmphiBac_6940	95.8	120	5	0	1	120	1	1352	-1	0
9a0d65827796db35c9929620eccfbe76	AmphiBac_3004	95.0	120	6	0	1	120	1	1394	-1	0
05a33c7a1e3a1cc1d9144c635b407d1a	AmphiBac_5483	100.0	120	0	0	1	120	1	1336	-1	0
d6e3d312ef46467bd9891f7d7312716d	AmphiBac_7037	97.5	120	3	0	1	120	1	1392	-1	0
dca0a0ee7c6d11b3920349464023607a	AmphiBac_1643	97.5	120	3	0	1	120	1	1373	-1	0
f4862428616783e72ffe658030acfeb0	AmphiBac_590	99.2	120	1	0	1	120	1	1265	-1	0
85caad7ebd74ab9f810a26c333b6ef81	AmphiBac_2971	96.7	120	4	0	1	120	1	1391	-1	0
124d6de17e12ba1f7ac196dd66dab406	AmphiBac_7085	95.8	120	5	0	1	120	1	1359	-1	0
003f248f2f841709431141f45c4e0515	AmphiBac_2968	100.0	120	0	0	1	120	1	1392	-1	0
575f200ca7a1f708e2467e8fea7c4457	AmphiBac_1478	97.5	120	3	0	1	120	1	1388	-1	0
c2101aab66812b617deba86b4bd5cba2	AmphiBac_1472	98.3	120	2	0	1	120	1	1347	-1	0
b898df767c7074ad35ff6acce86ce848	AmphiBac_1778	100.0	120	0	0	1	120	1	1313	-1	0
a7b2fd6bf0b1c028de90c11becdc1b39	AmphiBac_1623	100.0	120	0	0	1	120	1	1381	-1	0
01c9348997c3c8fb9f154430db0b0be5	AmphiBac_1472	97.5	120	3	0	1	120	1	1347	-1	0
0d1e42b6e83eaded026c287a6b650c0f	AmphiBac_7085	98.3	120	2	0	1	120	1	1359	-1	0
c4f5e6755025474b6355c9d890aae274	AmphiBac_5509	99.2	120	1	0	1	120	1	1218	-1	0
2b0a4078f9242ba6d08a124a2976e505	AmphiBac_3192	95.8	120	5	0	1	120	1	1352	-1	0
0c72f91c61eb689d3fb1af122248a870	AmphiBac_1574	95.0	120	6	0	1	120	1	1352	-1	0
52e164d978af2527f8a32ae78c7ca8f3	AmphiBac_5503	95.0	120	6	0	1	120	1	1237	-1	0
cc48f07a2e1430725cd88ace6b302062	AmphiBac_4022	97.5	120	3	0	1	120	1	574	-1	0
c008708eb6f2b5e1e3c72bda23b59555	AmphiBac_6557	95.8	120	5	0	1	120	1	1389	-1	0
3b424effd5a06ba0b685fe786c09c2d8	AmphiBac_1574	95.8	120	5	0	1	120	1	1352	-1	0
b4a409518db95d9a996ea08b2efe8c96	AmphiBac_4044	95.0	120	6	0	1	120	1	587	-1	0
a643f4d339786fccae2e9badc7c018af	AmphiBac_3192	96.7	120	4	0	1	120	1	1352	-1	0
890227a73c48c9ca7dff700db844557a	AmphiBac_5509	96.7	120	4	0	1	120	1	1218	-1	0
ce7e0b0a6c1a89f14980aa08fa178439	AmphiBac_1576	95.0	120	6	0	1	120	1	1356	-1	0
ffa14cde8d6a04cbb675c149274ae40c	AmphiBac_1472	99.2	120	1	0	1	120	1	1347	-1	0
65dc86aeeb01d14213a1625f7c01aa40	AmphiBac_5509	98.3	120	2	0	1	120	1	1218	-1	0
29d9be3f2a1be9c0030d398b89ffd7c5	AmphiBac_6637	95.0	120	6	0	1	120	1	1408	-1	0
90b682682f93e6d8da4ef3e5e9dc9970	AmphiBac_1433	95.8	120	5	0	1	120	1	1399	-1	0
2b270d7402a28a456c4feb9a591f5fd0	AmphiBac_508	95.0	120	6	0	1	120	1	1387	-1	0
19879b28902ccd960bfb88d5bd4a480c	AmphiBac_2965	97.5	120	3	0	1	120	1	1377	-1	0
48d5e954267de55951e74377f19fd884	AmphiBac_5988	97.5	120	3	0	1	120	1	587	-1	0
3d7e8f9d52d4dfc1fdbbd05e3a36c8a4	AmphiBac_1584	98.3	120	2	0	1	120	1	1363	-1	0
100f9516928213e5c8d96ef7a80c7aa4	AmphiBac_5509	96.7	120	4	0	1	120	1	1218	-1	0
2aa43a5b259fbf6b6035a692e7cdd5bb	AmphiBac_449	96.7	120	4	0	1	120	1	1378	-1	0
2abd827b5df8b7905e027288af6cea50	AmphiBac_917	97.5	120	3	0	1	120	1	848	-1	0
e7f156fa2e77c12fe86deb729ca14fe4	AmphiBac_6940	97.5	120	3	0	1	120	1	1352	-1	0
ee2c9b67a43814d03ac3fa3a78c15d04	AmphiBac_2963	96.7	120	4	0	1	120	1	1384	-1	0
60c256b1cd975ad21a948afa3949cb0a	AmphiBac_5509	97.5	120	3	0	1	120	1	1218	-1	0
bc72e04f38acf2c052c68b777bee55b4	AmphiBac_1472	97.5	120	3	0	1	120	1	1347	-1	0
073232a92ac37d350a2ab5d9d52f824e	AmphiBac_1472	99.2	120	1	0	1	120	1	1347	-1	0
c1a2a8184070ca928ed76947f2083b4c	AmphiBac_4022	97.5	120	3	0	1	120	1	574	-1	0
d174fd25211450a7f7b6dbae6db61e2c	AmphiBac_7085	96.7	120	4	0	1	120	1	1359	-1	0
d3477c0a3cc56d5f921fdcb256a739d4	AmphiBac_2960	95.8	120	5	0	1	120	1	1349	-1	0
f7ebe138d6ca4881eb690d8c8520f990	AmphiBac_7085	98.3	120	2	0	1	120	1	1359	-1	0
ba9a4bc2dabb793b9013f8ef1943ddd5	AmphiBac_6953	97.5	120	3	0	1	120	1	1405	-1	0
bcb349a220a0c33a6b780dbc29a25f71	AmphiBac_1472	99.2	120	1	0	1	120	1	1347	-1	0
05a3ad808b1c37b9fcc7d28890cf9bc4	AmphiBac_6975	99.2	120	1	0	1	120	1	1324	-1	0
d329ff7ff76454d2282c9f01c2798588	AmphiBac_1356	95.0	120	6	0	1	120	1	1352	-1	0
87994258055a33a51ae356530048313d	AmphiBac_1472	95.8	120	5	0	1	120	1	1347	-1	0
c2fa74f5ed2a1cf321550b5a7534ff61	AmphiBac_1574	95.8	120	5	0	1	120	1	1352	-1	0
ab4c28aa55203aa7f096fdacff267c92	AmphiBac_7046	96.7	120	4	0	1	120	1	1352	-1	0
