Carbon	P2	P8	P7	P5	P9	P1	P3	P6	P4	P10
Water	0.318	0.471	0.913	1.135	0.471	1.17	0.313	0.521	0.549	0.54351
Pyruvic Acid Methyl Ester	1.922	1.623	1.725	1.9	1.494	2.72	2.107	2.46	2.417	2.39283
Tween 40	3.039	2.367	2.672	3.314	2.779	2.228	2.231	3.194	2.954	2.92446
Tween 80	2.284	2.165	1.671	2.315	1.759	2.085	1.696	3.344	2.668	2.64132
a-Cyclodextrin	1.152	1.338	1.335	0.862	1.017	1.665	1.095	1.499	1.216	1.20384
Glycogen	2.083	2.761	2.768	2.086	3.016	2.516	2.424	2.599	2.636	2.60964
D-Cellobiose	3.276	2.761	2.35	2.568	2.503	2.426	3.163	3.124	2.792	2.76408
a-D-Lactose	0.938	2.433	1.525	2.561	1.103	1.499	1.962	1.767	1.072	1.06128
ß-Methyl-D-Glucoside	2.673	2.874	2.664	2.991	1.835	2.603	2.708	3.063	2.669	2.64231
D-Xylose	1.985	1.225	1.276	1.777	2.005	2.628	1.803	2.06	1.73	1.7127
i-Erythritol	2.463	1.741	1.112	1.711	1.018	0.811	0.421	1.524	1.107	1.09593
D-Mannitol	3.402	2.546	2.687	2.287	2.602	2.344	2.231	2.618	3.36	3.3264
N-Accetyl-D-Glucosamine	2.738	2.869	2.634	2.201	2.242	2.414	2.096	3.037	2.885	2.85615
D-Glucosaminic Acid	3.143	2.026	1.498	0.963	1.869	1.89	1.884	2.055	1.569	1.55331
Glucose-1-Phosphate	1.836	1.65	1.517	0.436	1.45	1.513	1.794	1.599	1.377	1.36323
D,L-a-Glycerol Phosphate	1.402	0.837	0.88	1.675	1.155	1.438	0.958	1.021	1.298	1.28502
D-Galactonic Acid y-Lactone	2.36	2.098	2.215	1.861	2.03	1.841	1.459	2.491	1.824	1.80576
D-Galacturonic Acid	2.89	2.407	2.356	2.751	1.962	2.032	1.937	3.41	2.424	2.39976
2-Hydroxy Benzoid Acid	0.301	0.324	0.399	0.785	0.438	1.559	0.457	0.673	2.295	2.27205
4-Hydroxy Benzoid Acid	2.617	2.467	2.035	2.904	2.331	2.153	2.386	3.208	3.002	2.97198
y-Amino Butyric Acid	3.284	2.791	2.583	2.536	2.615	2.759	3.119	3.5	2.944	2.91456
Itaconic Acid	2.608	2.174	1.723	1.818	1.677	2.023	1.845	1.117	2.071	2.05029
a-Keto Butyric Acid	0.568	0.584	0.751	0.551	0.417	0.663	0.324	0.778	0.554	0.54846
D-Malic Acid	2.713	2.696	2.819	2.561	2.046	2.232	2.599	3.486	3.5	3.465
L-Arginine	3.257	2.38	3.471	2.985	3.239	3.127	3.5	3.352	3.5	3.465
L-Asparagine	3.221	3.389	2.891	2.475	3.148	3.182	3.003	3.456	3.411	3.37689
L-Phenylalanine	1.109	0.802	0.863	0.518	1.06	0.977	0.424	0.858	0.709	0.70191
L-Serine	3.027	2.626	2.219	2.706	2.141	2.26	2.659	2.587	2.796	2.76804
L-Threonine	0.425	0.464	0.409	0.342	0.476	0.772	0.239	0.825	0.684	0.67716
Glycyl-L-Glutamic Acid	0.646	0.581	0.639	0.565	0.856	0.814	0.584	0.978	0.603	0.59697
Phenethylamine	2.817	3.006	1.7	2.637	1.718	3.11	2.37	2.761	3.169	3.13731
Putrescine	2.879	2.426	2.693	1.636	1.617	3.042	2.744	3.5	2.813	2.78487
Water1	0.322	0.431	0.485	0.249	0.486	1.256	0.261	0.675	0.509	0.50391
Pyruvic Acid Methyl Ester1	2.127	2.107	1.743	1.636	2.071	1.843	1.865	2.735	2.339	2.31561
Tween 401	1.858	2.369	2.675	2.737	2.444	1.879	2.272	3.403	2.882	2.85318
Tween 801	2.353	2.695	1.932	2.308	1.976	2.145	2.021	3.487	2.132	2.11068
a-Cyclodextrin1	1.414	1.216	0.779	0.875	1.105	1.791	0.968	1.154	1.378	1.36422
Glycogen1	1.467	3.474	0.989	1.463	3.04	2.092	2.271	2.45	3.498	3.46302
D-Cellobiose1	2.297	3.01	2.351	2.507	2.732	2.425	3.5	3.498	1.614	1.59786
a-D-Lactose1	0.831	2.831	1.948	1.306	2.26	2.003	2.314	0.834	1.541	1.52559
ß-Methyl-D-Glucoside1	2.797	3.321	2.055	2.941	2.416	2.933	2.667	3.043	2.312	2.28888
D-Xylose1	2.402	0.787	1.358	1.962	1.369	2.193	1.277	1.364	2.139	2.11761
i-Erythritol1	3.35	1.702	1.179	0.449	1.156	0.935	0.522	1.756	1.19	1.1781
D-Mannitol1	3.298	2.701	2.272	2.602	3.057	2.506	2.506	3.401	3.304	3.27096
N-Accetyl-D-Glucosamine1	3.057	2.933	2.657	3.056	2.238	2.326	2.627	3.157	2.375	2.35125
D-Glucosaminic Acid1	2.736	1.956	1.464	1.284	1.351	1.887	1.223	2.066	1.517	1.50183
Glucose-1-Phosphate1	1.976	1.728	1.267	0.834	1.369	1.447	1.474	1.557	1.244	1.23156
D,L-a-Glycerol Phosphate1	2.086	1.147	1.079	0.97	1.027	1.237	0.321	1.018	1.102	1.09098
D-Galactonic Acid y-Lactone1	2.64	2.665	1.589	1.957	1.737	2.761	1.663	2.381	1.733	1.71567
D-Galacturonic Acid1	2.649	2.901	2.218	2.398	2.382	2.208	1.75	3.46	2.307	2.28393
2-Hydroxy Benzoid Acid1	0.215	0.556	0.399	0.507	0.416	2.269	0.169	0.532	2.304	2.28096
4-Hydroxy Benzoid Acid1	2.375	2.628	2.408	2.431	2.611	2.702	2.349	3.393	3.288	3.25512
y-Amino Butyric Acid1	3.081	2.754	2.324	2.888	2.6	2.452	2.193	3.5	3.5	3.465
Itaconic Acid1	2.705	2.197	1.688	1.072	2.017	2.015	0.863	1.148	2.199	2.17701
a-Keto Butyric Acid1	0.207	0.534	0.93	0.366	0.484	0.733	0.388	0.549	0.604	0.59796
D-Malic Acid1	2.095	2.34	2.465	3.123	2.442	2.42	2.715	3.471	2.633	2.60667
L-Arginine1	2.899	2.25	3.378	3.37	2.289	3.126	3.5	3.5	3.5	3.465
L-Asparagine1	3.161	3.5	2.728	3.378	2.968	3.118	3.145	3.5	3.126	3.09474
L-Phenylalanine1	1.151	0.61	1.127	0.626	0.57	0.977	0.847	0.865	1.339	1.32561
L-Serine1	3.5	2.637	2.277	2.227	2.522	2.794	2.959	2.673	2.563	2.53737
L-Threonine1	0.634	0.433	0.397	0.649	0.358	0.728	0.731	0.654	0.471	0.46629
Glycyl-L-Glutamic Acid1	0.609	0.596	0.669	0.603	0.877	0.892	0.394	0.795	0.937	0.92763
Phenethylamine1	3.094	2.57	1.606	1.525	2.112	3.199	2.457	2.461	2.591	2.56509
Putrescine1	2.696	2.465	2.602	2.257	2.878	2.361	2.34	3.5	2.469	2.44431
Water2	0.291	0.423	0.536	0.239	0.341	1.148	0.248	0.463	0.576	0.57024
Pyruvic Acid Methyl Ester2	2.206	2.146	1.753	2.182	2.153	1.999	2.083	2.332	2.043	2.02257
Tween 402	2.684	2.599	2.479	2.811	2.669	1.803	2.086	3.442	2.276	2.25324
Tween 802	2.38	2.45	2.005	2.078	2.585	2.496	1.732	3.084	2.357	2.33343
a-Cyclodextrin2	0.725	0.917	0.729	0.753	1.017	1.513	0.771	1.568	1.175	1.16325
Glycogen2	2.373	3.211	0.952	1.574	3.09	2.533	2.559	2.701	2.78	2.7522
D-Cellobiose2	2.665	2.508	2.139	3.121	3.194	2.851	2.627	3.5	2.397	2.37303
a-D-Lactose2	0.672	1.786	1.948	1.408	0.819	1.686	2.296	1.131	1.724	1.70676
ß-Methyl-D-Glucoside2	3.035	2.995	2.063	2.939	1.987	2.498	2.096	2.956	2.101	2.07999
D-Xylose2	1.696	1.724	1.595	2.048	1.943	2.19	1.97	1.324	2.179	2.15721
i-Erythritol2	3.435	1.942	0.933	0.889	1.19	0.91	0.528	1.872	1.06	1.0494
D-Mannitol2	2.93	2.802	2.294	2.686	2.085	2.739	2.78	2.38	3.313	3.27987
N-Accetyl-D-Glucosamine2	2.858	3.018	2.587	2.377	2.197	2.52	2.329	2.929	2.512	2.48688
D-Glucosaminic Acid2	2.858	2.254	1.209	1.523	1.466	1.837	1.884	2.237	1.397	1.38303
Glucose-1-Phosphate2	2.446	1.595	1.13	1.52	1.343	1.698	1.468	1.462	1.422	1.40778
D,L-a-Glycerol Phosphate2	1.546	1.213	0.941	0.898	0.72	1.479	0.73	1.238	1.101	1.08999
D-Galactonic Acid y-Lactone2	2.883	2.409	1.691	2.829	1.894	2.176	1.569	2.716	1.703	1.68597
D-Galacturonic Acid2	2.663	2.987	1.758	3.043	1.718	1.878	1.771	3.03	1.819	1.80081
2-Hydroxy Benzoid Acid2	0.419	0.393	2.09	2.465	0.329	2.603	0.489	0.546	0.391	0.38709
4-Hydroxy Benzoid Acid2	2.384	2.31	1.94	2.322	2.707	2.411	2.289	2.963	2.66	2.6334
y-Amino Butyric Acid2	3.312	3.5	2.229	1.439	2.856	3.033	2.973	3.37	3.5	3.465
Itaconic Acid2	2.546	1.887	1.695	0.124	1.994	2.62	2.026	0.932	1.923	1.90377
a-Keto Butyric Acid2	0.364	0.629	0.606	0.211	0.9	1.008	0.278	0.699	0.732	0.72468
D-Malic Acid2	2.486	3.431	3.382	2.514	2.235	2.596	2.327	3.001	3.197	3.16503
L-Arginine2	2.501	2.352	2.026	3.381	1.619	3.5	3.5	3.38	3.5	3.465
L-Asparagine2	3.146	3.388	2.457	3.421	2.898	2.809	3.111	3.5	2.912	2.88288
L-Phenylalanine2	0.854	1.284	1.11	0.297	1.528	0.787	0.458	0.886	1.085	1.07415
L-Serine2	3.133	2.617	2.02	2.735	2.756	2.379	2.536	2.545	2.354	2.33046
L-Threonine2	0.3	0.637	0.363	0.32	0.496	0.726	0.245	0.945	0.339	0.33561
Glycyl-L-Glutamic Acid2	0.539	0.745	0.553	0.781	0.857	0.942	0.662	0.849	0.526	0.52074
Phenethylamine2	2.183	2.696	1.519	1.511	1.561	3.177	2.76	2.527	2.911	2.88189
Putrescine2	2.663	2.35	2.692	3.001	2.577	3.028	2.385	3.5	2.284	2.26116